/*--------------------------------*- C++ -*----------------------------------*\
| =========                 |                                                 |
| \\      /  F ield         | OpenFOAM: The Open Source CFD Toolbox           |
|  \\    /   O peration     | Version:  2306                                  |
|   \\  /    A nd           | Website:  www.openfoam.com                      |
|    \\/     M anipulation  |                                                 |
\*---------------------------------------------------------------------------*/
FoamFile
{
    version     2.0;
    format      ascii;
    arch        "LSB;label=32;scalar=64";
    class       cellSet;
    location    "constant/polyMesh/sets";
    object      underdeterminedCells;
}
// * * * * * * * * * * * * * * * * * * * * * * * * * * * * * * * * * * * * * //


2967
(
49152
73784
73785
73786
73787
73788
8256
8257
8258
8259
8260
41041
41042
41043
41044
41045
41046
16471
41047
16472
41048
16473
41049
16474
41050
41051
16475
41052
16476
41053
16477
41054
16478
16479
32896
32897
32898
32899
32900
32901
32902
32903
32904
32905
32906
32907
32908
32909
32910
65703
65704
65705
65706
65707
65708
65709
24753
24754
24755
24756
24757
24758
24759
24760
24761
24762
24763
24764
8385
8386
8387
8388
8389
90343
90344
16653
16654
16655
16656
16657
16658
16659
16660
16661
57630
57631
57632
57633
57634
57635
57636
57637
57638
49455
49456
49457
49458
49459
49460
49461
49462
49463
49464
49465
49466
8515
8516
8517
8518
8519
82248
82249
82250
41328
41329
41330
41331
41332
41333
41334
41335
41336
41337
41338
41339
41340
41341
33153
33154
33155
33156
33157
33158
33159
33160
33161
33162
33163
33164
33165
33166
33167
24976
24977
24978
24979
24980
24981
24982
24983
24984
24985
24986
24987
74152
74153
74154
74155
74156
16836
16837
8646
16838
8647
16839
8648
16840
8649
16841
8650
16842
16843
16844
66066
66067
66068
66069
66070
66071
66072
8778
8779
8780
8781
8782
90711
90712
49770
49771
49772
49773
49774
49775
49776
25200
49777
25201
57970
25202
49778
57971
25203
49779
57972
25204
49780
57973
25205
49781
57974
25206
25207
57975
25208
57976
25209
57977
25210
57978
25211
17020
17021
17022
17023
17024
17025
17026
17027
33411
17028
33412
33413
33414
33415
33416
33417
33418
33419
33420
33421
33422
33423
41616
33424
41617
33425
41618
41619
41620
41621
41622
41623
41624
41625
41626
41627
41628
41629
82615
82616
82617
82618
8911
8912
8913
8914
8915
74520
74521
74522
74523
74524
820
17205
17206
17207
17208
17209
17210
17211
17212
17213
25425
25426
25427
25428
25429
9045
25430
9046
25431
9047
25432
9048
25433
9049
25434
25435
25436
861
66430
66431
66432
66433
66434
66435
66436
33670
903
33671
33672
33673
33674
33675
33676
33677
33678
33679
33680
33681
33682
33683
33684
50086
50087
50088
50089
50090
50091
50092
50093
50094
50095
50096
41905
41906
946
41907
41908
41909
41910
41911
41912
41913
41914
41915
41916
41917
41918
58311
91079
91080
58312
58313
58314
58315
58316
58317
58318
58319
9180
9181
9182
990
9183
9184
17391
17392
17393
17394
17395
17396
17397
17398
17399
1035
82983
82984
82985
82986
25651
25652
25653
25654
25655
25656
25657
1081
25658
25659
25660
25661
25662
9316
9317
9318
9319
9320
1128
74888
74889
74890
33930
74891
33931
74892
33932
33933
33934
33935
33936
33937
33938
33939
33940
33941
33942
33943
33944
1176
17578
17579
17580
17581
17582
17583
17584
17585
17586
1225
42195
42196
42197
42198
42199
42200
42201
42202
42203
42204
42205
42206
42207
42208
50403
50404
50405
50406
50407
50408
50409
50410
66795
50411
66796
50412
66797
50413
9453
66798
9454
66799
9455
66800
9456
66801
9457
1275
25878
25879
25880
25881
25882
25883
25884
58653
25885
58654
25886
58655
25887
58656
25888
58657
25889
58658
58659
58660
58661
1326
91447
91448
1378
17766
17767
17768
17769
17770
17771
17772
17773
17774
9591
9592
9593
9594
9595
34191
34192
34193
34194
34195
34196
34197
34198
83351
34199
1431
34200
83352
83353
34201
34202
34203
34204
34205
1485
42486
42487
42488
75256
75257
42489
75258
42490
26106
75259
42491
26107
75260
42492
26108
42493
26109
26110
42494
26111
42495
26112
42496
26113
42497
26114
9730
42498
26115
9731
42499
1540
26116
9732
26117
9733
9734
50721
50722
17955
50723
17956
50724
50725
17957
50726
17958
50727
17959
50728
17960
50729
17961
50730
17962
50731
17963
1596
67161
67162
67163
67164
67165
67166
67167
58996
58997
1653
58998
58999
59000
59001
59002
59003
59004
9870
9871
9872
9873
9874
9875
34453
34454
34455
34456
34457
34458
34459
34460
34461
34462
34463
34464
34465
34466
34467
91815
91816
1711
26335
26336
18145
26337
18146
26338
18147
26339
26340
18148
26341
18149
26342
18150
26343
18151
26344
18152
26345
18153
1770
26346
26347
83719
83720
83721
42778
42779
10011
42780
10012
42781
10013
42782
10014
42783
10015
42784
10016
42785
42786
42787
42788
42789
1830
42790
42791
51040
51041
51042
51043
1891
51044
51045
51046
51047
51048
75624
51049
75625
75626
51050
75627
34716
34717
34718
34719
18336
34720
18337
1953
34721
18338
34722
18339
34723
34724
18340
18341
34725
18342
34726
18343
34727
18344
34728
18345
34729
10153
34730
10154
10155
10156
10157
10158
26565
26566
26567
26568
67528
26569
67529
67530
26570
67531
26571
67532
26572
59340
59341
67533
26573
59342
67534
26574
59343
26575
59344
26576
59345
26577
59346
59347
59348
2016
92183
92184
2080
10296
10297
10298
10299
10300
10301
43071
43072
43073
43074
43075
43076
43077
43078
43079
43080
43081
43082
43083
43084
18528
18529
2145
18530
18531
18532
18533
18534
18535
18536
18537
84087
84088
84089
51360
51361
51362
51363
2211
51364
34980
51365
34981
51366
34982
51367
34983
51368
34984
51369
34985
51370
34986
34987
34988
26796
26797
34989
26798
34990
26799
34991
26800
34992
26801
34993
26802
34994
26803
26804
26805
26806
26807
26808
10440
10441
10442
10443
10444
10445
75992
75993
75994
75995
2278
18721
18722
18723
18724
18725
59685
18726
59686
59687
18727
59688
18728
59689
18729
59690
2346
18730
59691
59692
59693
67896
67897
67898
67899
67900
67901
10585
10586
10587
10588
10589
10590
43365
43366
43367
43368
43369
43370
43371
43372
43373
43374
43375
2415
43376
43377
43378
92551
92552
27028
27029
27030
27031
27032
27033
27034
27035
27036
27037
27038
27039
27040
35245
35246
35247
35248
35249
35250
35251
35252
2485
35253
35254
35255
35256
35257
35258
35259
51681
51682
51683
18915
51684
18916
51685
18917
18918
51686
18919
51687
84455
18920
51688
84456
18921
51689
84457
51690
18922
10731
51691
18923
10732
18924
10733
10734
10735
10736
2556
2628
76360
76361
76362
76363
27261
27262
10878
10879
60031
27263
10880
60032
27264
10881
27265
60033
60034
10882
27266
60035
27267
10883
60036
27268
60037
27269
60038
27270
60039
27271
27272
27273
43660
43661
2701
43662
43663
43664
43665
43666
43667
43668
43669
43670
43671
43672
19110
19111
19112
68264
19113
68265
19114
68266
19115
68267
68268
19116
19117
68269
19118
19119
35511
35512
35513
35514
35515
35516
35517
35518
35519
35520
35521
35522
35523
35524
35525
35526
2775
92919
92920
11026
11027
11028
11029
11030
11031
2850
52003
52004
52005
52006
52007
52008
52009
52010
52011
52012
52013
84823
84824
84825
27495
27496
27497
19306
27498
19307
27499
19308
27500
19309
27501
2926
19310
27502
19311
27503
19312
27504
19313
27505
19314
27506
27507
19315
11175
11176
11177
11178
11179
11180
43956
43957
43958
43959
43960
76728
43961
76729
43962
76730
3003
43963
76731
43964
43965
43966
43967
43968
35778
35779
35780
35781
35782
35783
35784
35785
35786
35787
35788
35789
35790
35791
35792
35793
60378
60379
60380
60381
60382
60383
60384
60385
60386
3081
68632
68633
68634
68635
68636
68637
19503
19504
19505
19506
19507
19508
19509
19510
19511
19512
11325
11326
11327
11328
11329
11330
27730
27731
27732
27733
27734
27735
3160
27736
27737
27738
27739
27740
27741
27742
52326
93287
52327
93288
52328
52329
52330
52331
52332
52333
52334
52335
52336
3240
85191
85192
85193
36046
36047
36048
36049
36050
36051
11476
36052
11477
36053
11478
36054
11479
36055
11480
36056
11481
36057
36058
36059
36060
44253
44254
44255
44256
44257
44258
44259
44260
44261
44262
44263
44264
44265
19701
19702
19703
19704
3321
19705
19706
19707
19708
19709
19710
77096
77097
77098
77099
60726
60727
60728
60729
60730
60731
60732
60733
27966
27967
27968
27969
27970
27971
27972
27973
27974
27975
27976
27977
27978
3403
11628
11629
11630
11631
11632
11633
11634
69000
69001
69002
69003
69004
69005
3486
52650
52651
52652
52653
52654
52655
52656
52657
52658
52659
52660
19900
19901
19902
19903
19904
19905
19906
19907
19908
19909
93655
93656
36315
36316
36317
36318
36319
36320
36321
36322
36323
36324
36325
36326
36327
36328
36329
36330
3570
11781
11782
44551
11783
44552
11784
44553
11785
44554
11786
11787
44555
44556
44557
44558
44559
44560
44561
44562
44563
28203
28204
28205
28206
28207
28208
28209
28210
28211
28212
28213
28214
28215
85559
85560
85561
3655
20100
20101
20102
20103
20104
20105
20106
20107
20108
20109
61075
61076
61077
61078
61079
77464
61080
61081
77465
61082
77466
77467
3741
11935
11936
11937
11938
11939
11940
11941
36585
36586
36587
36588
36589
36590
36591
52975
36592
52976
36593
52977
36594
52978
36595
52979
52980
3828
36596
52981
36597
52982
36598
52983
36599
52984
69368
36600
52985
69369
69370
69371
69372
69373
28441
28442
28443
28444
28445
28446
28447
28448
28449
28450
28451
28452
28453
44850
44851
44852
44853
44854
44855
44856
44857
44858
12090
44859
12091
44860
12092
12093
44861
12094
44862
12095
12096
3916
20301
20302
20303
20304
20305
20306
20307
20308
20309
20310
4005
85927
85928
85929
12246
12247
12248
12249
12250
12251
12252
61425
61426
61427
61428
61429
61430
61431
61432
36856
36857
36858
36859
36860
36861
36862
36863
4095
4096
36864
36865
36866
36867
36868
36869
36870
28680
77832
28681
77833
28682
77834
28683
77835
28684
28685
28686
28687
28688
28689
28690
28691
28692
20503
20504
20505
20506
20507
20508
20509
20510
20511
20512
53301
53302
53303
53304
53305
53306
53307
53308
53309
53310
53311
4186
4187
45150
45151
45152
45153
45154
45155
45156
45157
45158
45159
45160
69736
45161
69737
45162
69738
69739
69740
69741
12403
12404
12405
12406
12407
12408
12409
4278
4279
20706
20707
20708
20709
20710
20711
20712
20713
20714
20715
20716
28920
28921
28922
28923
28924
28925
28926
28927
28928
28929
28930
28931
28932
37128
37129
37130
37131
37132
37133
37134
37135
37136
37137
12561
37138
12562
12563
37139
4371
12564
4372
37140
12565
37141
12566
37142
12567
86295
37143
86296
86297
61776
61777
61778
61779
61780
61781
61782
61783
4465
4466
78200
78201
78202
78203
53628
53629
53630
53631
53632
53633
53634
53635
53636
53637
45451
45452
45453
45454
45455
45456
45457
45458
45459
45460
45461
45462
45463
20910
20911
20912
12720
20913
12721
20914
12722
20915
12723
20916
12724
20917
12725
20918
12726
20919
20920
4560
4561
70104
70105
70106
70107
70108
70109
29161
29162
29163
29164
29165
29166
29167
29168
29169
29170
29171
29172
29173
29174
37401
37402
37403
37404
37405
37406
37407
37408
37409
37410
37411
37412
37413
37414
37415
37416
4656
4657
12880
12881
12882
12883
12884
12885
12886
21115
21116
21117
21118
21119
21120
21121
21122
21123
21124
21125
86663
86664
86665
4753
4754
62128
62129
62130
62131
62132
62133
62134
62135
45753
45754
45755
45756
45757
45758
45759
45760
45761
45762
45763
45764
53956
45765
53957
53958
53959
53960
53961
53962
53963
53964
53965
29403
29404
29405
29406
29407
29408
29409
29410
29411
29412
29413
29414
29415
78568
29416
78569
78570
78571
13041
13042
13043
4851
13044
4852
13045
13046
13047
37675
37676
37677
37678
37679
37680
37681
37682
37683
37684
37685
37686
37687
37688
37689
70472
70473
21321
70474
21322
70475
21323
21324
70476
21325
70477
21326
21327
21328
21329
21330
21331
4950
4951
13203
13204
13205
13206
13207
13208
13209
5050
5051
29646
29647
29648
29649
29650
29651
29652
29653
29654
29655
29656
29657
29658
29659
46056
46057
46058
46059
46060
46061
46062
46063
46064
46065
46066
46067
46068
87031
87032
87033
54285
54286
54287
54288
62481
54289
62482
54290
62483
54291
62484
54292
62485
54293
54294
62486
62487
62488
21528
21529
21530
21531
21532
21533
21534
5151
21535
5152
21536
21537
21538
13366
13367
13368
13369
13370
13371
13372
37950
37951
37952
37953
37954
37955
37956
37957
37958
37959
37960
37961
37962
37963
37964
78936
78937
78938
78939
5253
5254
70840
70841
70842
70843
70844
70845
29890
29891
29892
29893
29894
29895
29896
29897
29898
29899
29900
29901
29902
29903
13530
13531
13532
13533
13534
13535
13536
21736
21737
21738
21739
5356
21740
5357
21741
5358
21742
21743
21744
21745
21746
46360
46361
46362
46363
46364
46365
46366
46367
46368
46369
46370
46371
46372
38226
38227
38228
5460
38229
5461
5462
38230
38231
54615
38232
54616
38233
54617
38234
54618
38235
54619
38236
54620
38237
54621
38238
54622
38239
54623
38240
54624
87399
87400
62835
62836
62837
62838
62839
62840
62841
62842
13695
13696
13697
13698
13699
13700
13701
13702
30135
30136
30137
21945
30138
21946
30139
21947
30140
21948
5565
30141
21949
5566
30142
21950
5567
30143
21951
30144
21952
30145
21953
30146
21954
30147
21955
30148
79304
79305
79306
13861
13862
5671
13863
5672
71208
13864
5673
71209
13865
71210
13866
71211
13867
71212
13868
71213
46665
46666
46667
46668
46669
46670
46671
46672
46673
46674
46675
46676
38503
38504
38505
38506
38507
38508
38509
38510
38511
38512
38513
38514
38515
38516
38517
22155
22156
22157
22158
22159
22160
22161
5778
22162
5779
22163
5780
22164
22165
54946
54947
54948
54949
54950
54951
54952
54953
54954
54955
30381
30382
30383
30384
30385
30386
30387
30388
30389
30390
30391
30392
30393
30394
14028
14029
14030
14031
14032
14033
14034
14035
63190
63191
87767
87768
63192
63193
63194
63195
63196
63197
5886
5887
5888
79672
79673
79674
22366
22367
22368
22369
22370
22371
22372
22373
22374
22375
22376
5995
5996
5997
14196
14197
14198
14199
14200
14201
14202
46971
14203
46972
46973
38781
46974
38782
38783
46975
38784
46976
38785
46977
38786
46978
46979
38787
46980
38788
46981
38789
46982
38790
38791
38792
38793
38794
38795
71576
71577
71578
71579
71580
30628
30629
30630
30631
30632
30633
30634
30635
30636
30637
30638
30639
30640
30641
6105
6106
6107
55278
55279
55280
55281
55282
55283
55284
55285
55286
55287
14365
14366
14367
14368
14369
14370
14371
14372
22578
22579
22580
22581
22582
22583
22584
22585
63546
22586
63547
22587
63548
22588
63549
63550
63551
63552
63553
88135
88136
6216
6217
6218
39060
39061
39062
39063
39064
39065
39066
39067
39068
30876
39069
30877
39070
30878
39071
30879
39072
30880
39073
30881
30882
39074
30883
30884
30885
30886
30887
30888
80040
30889
80041
80042
47278
47279
47280
47281
47282
47283
47284
47285
47286
47287
47288
6328
47289
6329
6330
14535
14536
14537
14538
14539
14540
14541
14542
22791
22792
71944
22793
71945
22794
71946
71947
22795
71948
22796
22797
22798
22799
22800
22801
6441
6442
6443
55611
55612
55613
55614
55615
55616
55617
55618
55619
55620
14706
14707
14708
14709
14710
14711
14712
14713
31125
31126
31127
31128
31129
31130
31131
6555
31132
6556
31133
6557
31134
31135
63903
31136
63904
31137
63905
31138
63906
63907
63908
63909
63910
39340
39341
39342
39343
39344
39345
39346
39347
39348
39349
39350
88503
39351
88504
39352
39353
39354
23005
23006
23007
23008
23009
47586
23010
47587
23011
47588
23012
47589
23013
47590
23014
23015
47591
47592
47593
47594
47595
47596
47597
6670
6671
6672
6673
80408
80409
80410
14878
14879
14880
14881
14882
14883
14884
14885
72312
72313
72314
72315
72316
6786
6787
6788
6789
55945
55946
55947
55948
55949
55950
55951
31375
55952
31376
31377
55953
31378
55954
31379
31380
31381
31382
31383
31384
31385
31386
31387
31388
23220
23221
23222
23223
23224
23225
23226
23227
23228
23229
23230
39621
39622
39623
39624
39625
39626
39627
15051
39628
15052
39629
15053
39630
15054
15055
39631
15056
39632
15057
39633
15058
39634
39635
6903
6904
6905
6906
64261
64262
64263
64264
64265
64266
64267
47895
47896
47897
47898
47899
47900
47901
47902
47903
47904
47905
47906
88871
88872
7021
7022
7023
7024
15225
15226
15227
15228
15229
15230
15231
15232
80776
80777
80778
31626
31627
23436
31628
23437
31629
23438
31630
23439
31631
23440
31632
23441
31633
23442
31634
31635
23443
31636
23444
31637
23445
31638
23446
31639
23447
56280
56281
56282
56283
56284
56285
56286
56287
39903
56288
39904
56289
39905
39906
39907
7140
39908
39909
7141
39910
7142
39911
7143
39912
72680
39913
72681
39914
72682
39915
72683
39916
72684
39917
15400
15401
15402
15403
15404
15405
15406
15407
48205
48206
48207
48208
48209
48210
48211
48212
48213
48214
48215
48216
7260
7261
7262
7263
23653
23654
23655
23656
23657
23658
23659
23660
64620
64621
23661
64622
23662
64623
23663
64624
23664
64625
64626
31878
31879
31880
31881
31882
31883
31884
31885
31886
31887
31888
31889
31890
31891
89239
89240
7381
7382
7383
15576
7384
15577
15578
15579
15580
15581
15582
15583
81144
81145
81146
40186
40187
40188
40189
40190
40191
40192
40193
40194
40195
40196
40197
40198
40199
40200
56616
56617
56618
56619
56620
56621
56622
56623
56624
56625
23871
23872
23873
23874
23875
23876
23877
23878
23879
23880
23881
23882
7503
7504
7505
7506
73048
73049
73050
73051
73052
32131
48516
32132
48517
32133
48518
32134
48519
32135
48520
32136
15753
48521
32137
15754
32138
48522
15755
32139
48523
15756
32140
48524
15757
32141
48525
15758
32142
48526
15759
32143
48527
15760
32144
7626
7627
7628
7629
64980
64981
64982
64983
64984
64985
64986
89607
89608
40470
40471
40472
40473
24090
40474
24091
40475
24092
40476
24093
40477
40478
24094
40479
24095
40480
24096
24097
40481
24098
40482
24099
40483
24100
24101
15931
15932
15933
15934
15935
15936
15937
15938
15939
7750
7751
7752
7753
81512
81513
81514
56953
56954
56955
56956
56957
56958
56959
56960
56961
32385
32386
32387
32388
32389
32390
32391
32392
32393
32394
32395
32396
32397
32398
32399
48828
48829
48830
48831
48832
48833
48834
7875
48835
7876
48836
7877
48837
7878
48838
48839
73416
73417
73418
73419
73420
16110
16111
16112
16113
16114
16115
16116
16117
16118
24310
24311
24312
24313
24314
24315
24316
24317
24318
24319
24320
24321
40755
40756
40757
40758
40759
40760
40761
40762
40763
40764
40765
65341
40766
65342
40767
65343
40768
65344
8001
65345
8002
65346
8003
65347
8004
89975
89976
32640
32641
32642
32643
32644
32645
32646
32647
32648
32649
32650
32651
32652
32653
32654
16290
16291
16292
16293
16294
16295
16296
16297
16298
8128
8129
8130
8131
8132
57291
57292
57293
57294
57295
57296
57297
57298
24531
57299
24532
24533
24534
24535
81880
24536
81881
24537
24538
81882
24539
24540
24541
24542
49141
49142
49143
49144
49145
49146
49147
49148
49149
49150
49151
)


// ************************************************************************* //
